<!DOCTYPE html>
<html>
<head>
  <meta charset="utf-8">
  <!-- Meta tags for social media banners, these should be filled in appropriatly as they are your "business card" -->
  <!-- Replace the content tag with appropriate information -->
  <meta name="description" content="DESCRIPTION META TAG">
  <meta property="og:title" content="SOCIAL MEDIA TITLE TAG"/>
  <meta property="og:description" content="SOCIAL MEDIA DESCRIPTION TAG TAG"/>
  <meta property="og:url" content="URL OF THE WEBSITE"/>
  <!-- Path to banner image, should be in the path listed below. Optimal dimenssions are 1200X630-->
  <meta property="og:image" content="static/image/your_banner_image.png" />
  <meta property="og:image:width" content="1200"/>
  <meta property="og:image:height" content="630"/>


  <meta name="twitter:title" content="TWITTER BANNER TITLE META TAG">
  <meta name="twitter:description" content="TWITTER BANNER DESCRIPTION META TAG">
  <!-- Path to banner image, should be in the path listed below. Optimal dimenssions are 1200X600-->
  <meta name="twitter:image" content="static/images/your_twitter_banner_image.png">
  <meta name="twitter:card" content="summary_large_image">
  <!-- Keywords for your paper to be indexed by-->
  <meta name="keywords" content="KEYWORDS SHOULD BE PLACED HERE">
  <meta name="viewport" content="width=device-width, initial-scale=1">


  <title>LLRM</title>
  <link rel="icon" type="image/x-icon" href="static/images/favicon.ico">
  <link href="https://fonts.googleapis.com/css?family=Google+Sans|Noto+Sans|Castoro"
  rel="stylesheet">

  <link rel="stylesheet" href="static/css/bulma.min.css">
  <link rel="stylesheet" href="static/css/bulma-carousel.min.css">
  <link rel="stylesheet" href="static/css/bulma-slider.min.css">
  <link rel="stylesheet" href="static/css/fontawesome.all.min.css">
  <link rel="stylesheet"
  href="https://cdn.jsdelivr.net/gh/jpswalsh/academicons@1/css/academicons.min.css">
  <link rel="stylesheet" href="static/css/index.css">

  <script src="https://ajax.googleapis.com/ajax/libs/jquery/3.5.1/jquery.min.js"></script>
  <script src="https://documentcloud.adobe.com/view-sdk/main.js"></script>
  <script defer src="static/js/fontawesome.all.min.js"></script>
  <script src="static/js/bulma-carousel.min.js"></script>
  <script src="static/js/bulma-slider.min.js"></script>
  <script src="static/js/index.js"></script>
</head>
<body>


  <section class="hero">
    <div class="hero-body">
      <div class="container is-max-desktop">
        <div class="columns is-centered">
          <div class="column has-text-centered">
            <h1 class="title is-1 publication-title">LLRM: Long-sequence Large Reconstruction Model for Generalizable Full-Scene Gaussian Splatting</h1>
            <div class="is-size-5 publication-authors">
              <!-- Paper authors -->
              <span class="author-block">
                <a href="FIRST AUTHOR PERSONAL LINK" target="_blank">First Author</a><sup>*</sup>,</span>
                <span class="author-block">
                  <a href="SECOND AUTHOR PERSONAL LINK" target="_blank">Second Author</a><sup>*</sup>,</span>
                  <span class="author-block">
                    <a href="THIRD AUTHOR PERSONAL LINK" target="_blank">Third Author</a>
                  </span>
                  </div>

                  <div class="is-size-5 publication-authors">
                    <span class="author-block">Institution Name<br>Conferance name and year</span>
                    <span class="eql-cntrb"><small><br><sup>*</sup>Indicates Equal Contribution</small></span>
                  </div>

                  <div class="column has-text-centered">
                    <div class="publication-links">
                         <!-- Arxiv PDF link -->
                      <span class="link-block">
                        <a href="https://arxiv.org/pdf/<ARXIV PAPER ID>.pdf" target="_blank"
                        class="external-link button is-normal is-rounded is-dark">
                        <span class="icon">
                          <i class="fas fa-file-pdf"></i>
                        </span>
                        <span>Paper</span>
                      </a>
                    </span>

                    <!-- Supplementary PDF link -->
                    <span class="link-block">
                      <a href="static/pdfs/supplementary_material.pdf" target="_blank"
                      class="external-link button is-normal is-rounded is-dark">
                      <span class="icon">
                        <i class="fas fa-file-pdf"></i>
                      </span>
                      <span>Supplementary</span>
                    </a>
                  </span>

                  <!-- Github link -->
                  <span class="link-block">
                    <a href="https://github.com/YOUR REPO HERE" target="_blank"
                    class="external-link button is-normal is-rounded is-dark">
                    <span class="icon">
                      <i class="fab fa-github"></i>
                    </span>
                    <span>Code</span>
                  </a>
                </span>

                <!-- ArXiv abstract Link -->
                <span class="link-block">
                  <a href="https://arxiv.org/abs/<ARXIV PAPER ID>" target="_blank"
                  class="external-link button is-normal is-rounded is-dark">
                  <span class="icon">
                    <i class="ai ai-arxiv"></i>
                  </span>
                  <span>arXiv</span>
                </a>
              </span>
            </div>
          </div>
        </div>
      </div>
    </div>
  </div>
</section>


<!-- Teaser video-->
<section class="hero teaser">
  <div class="container is-max-desktop">
    <div class="hero-body">
      <video poster="" id="tree" autoplay controls muted loop height="100%">
        <!-- Your video here -->
        <source src="https://huggingface.co/longgggglrm/llrm_stuff/resolve/main/videos/dl3dv_33.mp4"
        type="video/mp4">
      </video>
      <h2 class="subtitle has-text-centered">
        Video rendered from our full-scene Gaussians, reconstructed with 32 input images in 1.3 seconds.<br>
        <a
          href="viewer/index.html?url=https://huggingface.co/longgggglrm/llrm_stuff/resolve/main/plys/dl3dv_33.ply&is_object=false&w2c=0.9505131840705872,0.0267177727073431,-0.30953338742256165,0.029748840257525444,-0.04382716864347458,0.9978635311126709,-0.04845232143998146,0.05738266557455063,0.30757755041122437,0.05962054431438446,0.9496533274650574,0.17388896644115448,0,0,0,1">Open
          interactive viewer
        </a>
      </h2>
    </div>
  </div>
</section>
<!-- End teaser video -->

<!-- Paper abstract -->
<section class="section hero is-light">
  <div class="container is-max-desktop">
    <div class="columns is-centered has-text-centered">
      <div class="column is-four-fifths">
        <h2 class="title is-3">Abstract</h2>
        <div class="content has-text-justified">
          <p>
            We propose LLRM, a generalizable 3D Gaussian reconstruction model that is capable of reconstructing a large scene from 32 source images at 960x540 resolution within only 2 seconds on a single A100 80G GPU.
            Our architecture features a mixture of the novel Mamba2 blocks and the transformer blocks, facilitated by simple token merging and Gaussian pruning steps, showcasing a perfect balance between quality and efficiency; 
            we patchify and tokenize the source images, feed the concatenated tokens into the sequence of Mamba2 / transformer blocks, and unpatchify and predict per-pixel Gaussian parameters at the end.
            Unlike past generalizable 3D Gaussian models, which are only able to take 1~4 input images and thus only able to reconstruct one corner of the scene, LLRM reconstructs the entire scene in one shot through a feed-forward step.
            We show comparable results to 3D-GS, whose results take >10 minutes to optimize, on large scene datasets including DL3DV-140 and Tanks and Temples.
          </p>
        </div>
      </div>
    </div>
  </div>
</section>
<!-- End paper abstract -->



<!-- Youtube video -->
<section class="hero is-small is-light">
  <div class="hero-body">
    <div class="container is-centered">
      <!-- Paper video. -->
      <h2 class="title is-3">More reconstruction examples</h2>

      <div style="display:inline-block;margin: 30px;">
        <video controls muted loop width="480" height="270">
          <!-- Your video here -->
          <source src="https://huggingface.co/longgggglrm/llrm_stuff/resolve/main/videos/dl3dv_27.mp4"
          type="video/mp4">
        </video>
        <h2 style="text-align: center;">
          <a
            href="viewer/index.html?url=https://huggingface.co/longgggglrm/llrm_stuff/resolve/main/plys/dl3dv_27.ply&is_object=false&w2c=0.9505131840705872,0.0267177727073431,-0.30953338742256165,0.029748840257525444,-0.04382716864347458,0.9978635311126709,-0.04845232143998146,0.05738266557455063,0.30757755041122437,0.05962054431438446,0.9496533274650574,0.17388896644115448,0,0,0,1">Open
            interactive viewer
          </a>
        </h2> 
      </div>
    
      <div style="display:inline-block; margin: 30px;">
        <video controls muted loop width="480" height="270">
          <!-- Your video here -->
          <source src="https://huggingface.co/longgggglrm/llrm_stuff/resolve/main/videos/dl3dv_29.mp4"
          type="video/mp4">
        </video>
        <h2 style="text-align: center;">
          <a
            href="viewer/index.html?url=https://huggingface.co/longgggglrm/llrm_stuff/resolve/main/plys/dl3dv_29.ply&is_object=false&w2c=0.9505131840705872,0.0267177727073431,-0.30953338742256165,0.029748840257525444,-0.04382716864347458,0.9978635311126709,-0.04845232143998146,0.05738266557455063,0.30757755041122437,0.05962054431438446,0.9496533274650574,0.17388896644115448,0,0,0,1">Open
            interactive viewer
          </a>
        </h2> 
      </div>

      <div style="display:inline-block;margin: 30px;">
        <video controls muted loop width="480" height="270">
          <!-- Your video here -->
          <source src="https://huggingface.co/longgggglrm/llrm_stuff/resolve/main/videos/dl3dv_48.mp4"
          type="video/mp4">
        </video>
        <h2 style="text-align: center;">
          <a
            href="viewer/index.html?url=https://huggingface.co/longgggglrm/llrm_stuff/resolve/main/plys/dl3dv_48.ply&is_object=false&w2c=0.9505131840705872,0.0267177727073431,-0.30953338742256165,0.029748840257525444,-0.04382716864347458,0.9978635311126709,-0.04845232143998146,0.05738266557455063,0.30757755041122437,0.05962054431438446,0.9496533274650574,0.17388896644115448,0,0,0,1">Open
            interactive viewer
          </a>
        </h2> 
      </div>
    
      <div style="display:inline-block; margin: 30px;">
        <video controls muted loop width="480" height="270">
          <!-- Your video here -->
          <source src="https://huggingface.co/longgggglrm/llrm_stuff/resolve/main/videos/dl3dv_63.mp4"
          type="video/mp4">
        </video>
        <h2 style="text-align: center;">
          <a
            href="viewer/index.html?url=https://huggingface.co/longgggglrm/llrm_stuff/resolve/main/plys/dl3dv_63.ply&is_object=false&w2c=0.9505131840705872,0.0267177727073431,-0.30953338742256165,0.029748840257525444,-0.04382716864347458,0.9978635311126709,-0.04845232143998146,0.05738266557455063,0.30757755041122437,0.05962054431438446,0.9496533274650574,0.17388896644115448,0,0,0,1">Open
            interactive viewer
          </a>
        </h2> 
      </div>

      <div style="display:inline-block;margin: 30px;">
        <video controls muted loop width="480" height="270">
          <!-- Your video here -->
          <source src="https://huggingface.co/longgggglrm/llrm_stuff/resolve/main/videos/dl3dv_80.mp4"
          type="video/mp4">
        </video>
        <h2 style="text-align: center;">
          <a
            href="viewer/index.html?url=https://huggingface.co/longgggglrm/llrm_stuff/resolve/main/plys/dl3dv_80.ply&is_object=false&w2c=0.9505131840705872,0.0267177727073431,-0.30953338742256165,0.029748840257525444,-0.04382716864347458,0.9978635311126709,-0.04845232143998146,0.05738266557455063,0.30757755041122437,0.05962054431438446,0.9496533274650574,0.17388896644115448,0,0,0,1">Open
            interactive viewer
          </a>
        </h2> 
      </div>
    
      <div style="display:inline-block; margin: 30px;">
        <video controls muted loop width="480" height="270">
          <!-- Your video here -->
          <source src="https://huggingface.co/longgggglrm/llrm_stuff/resolve/main/videos/dl3dv_101.mp4"
          type="video/mp4">
        </video>
        <h2 style="text-align: center;">
          <a
            href="viewer/index.html?url=https://huggingface.co/longgggglrm/llrm_stuff/resolve/main/plys/dl3dv_101.ply&is_object=false&w2c=0.9505131840705872,0.0267177727073431,-0.30953338742256165,0.029748840257525444,-0.04382716864347458,0.9978635311126709,-0.04845232143998146,0.05738266557455063,0.30757755041122437,0.05962054431438446,0.9496533274650574,0.17388896644115448,0,0,0,1">Open
            interactive viewer
          </a>
        </h2> 
      </div>

      <div style="display:inline-block;margin: 30px;">
        <video controls muted loop width="480" height="270">
          <!-- Your video here -->
          <source src="https://huggingface.co/longgggglrm/llrm_stuff/resolve/main/videos/dl3dv_105.mp4"
          type="video/mp4">
        </video>
        <h2 style="text-align: center;">
          <a
            href="viewer/index.html?url=https://huggingface.co/longgggglrm/llrm_stuff/resolve/main/plys/dl3dv_105.ply&is_object=false&w2c=0.9505131840705872,0.0267177727073431,-0.30953338742256165,0.029748840257525444,-0.04382716864347458,0.9978635311126709,-0.04845232143998146,0.05738266557455063,0.30757755041122437,0.05962054431438446,0.9496533274650574,0.17388896644115448,0,0,0,1">Open
            interactive viewer
          </a>
        </h2> 
      </div>
    
      <div style="display:inline-block; margin: 30px;">
        <video controls muted loop width="480" height="270">
          <!-- Your video here -->
          <source src="https://huggingface.co/longgggglrm/llrm_stuff/resolve/main/videos/dl3dv_106.mp4"
          type="video/mp4">
        </video>
        <h2 style="text-align: center;">
          <a
            href="viewer/index.html?url=https://huggingface.co/longgggglrm/llrm_stuff/resolve/main/plys/dl3dv_106.ply&is_object=false&w2c=0.9505131840705872,0.0267177727073431,-0.30953338742256165,0.029748840257525444,-0.04382716864347458,0.9978635311126709,-0.04845232143998146,0.05738266557455063,0.30757755041122437,0.05962054431438446,0.9496533274650574,0.17388896644115448,0,0,0,1">Open
            interactive viewer
          </a>
        </h2> 
      </div>

    </div>
  </div>
</section>
<!-- End youtube video -->


<!--BibTex citation -->
  <section class="section" id="BibTeX">
    <div class="container is-max-desktop content">
      <h2 class="title">BibTeX</h2>
      <pre><code>BibTex Code Here</code></pre>
    </div>
</section>
<!--End BibTex citation -->


  <footer class="footer">
  <div class="container">
    <div class="columns is-centered">
      <div class="column is-8">
        <div class="content">

          <p>
            This page was built using the <a href="https://github.com/eliahuhorwitz/Academic-project-page-template" target="_blank">Academic Project Page Template</a> which was adopted from the <a href="https://nerfies.github.io" target="_blank">Nerfies</a> project page.
            You are free to borrow the source code of this website, we just ask that you link back to this page in the footer. <br> This website is licensed under a <a rel="license"  href="http://creativecommons.org/licenses/by-sa/4.0/" target="_blank">Creative
            Commons Attribution-ShareAlike 4.0 International License</a>.
          </p>

        </div>
      </div>
    </div>
  </div>
</footer>

<!-- Statcounter tracking code -->
  
<!-- You can add a tracker to track page visits by creating an account at statcounter.com -->

    <!-- End of Statcounter Code -->

  </body>
  </html>
