<!DOCTYPE html>
<html>
<head>
  <meta charset="utf-8">
  <!-- Meta tags for social media banners, these should be filled in appropriatly as they are your "business card" -->
  <!-- Replace the content tag with appropriate information -->
  <meta name="description" content="DESCRIPTION META TAG">
  <meta property="og:title" content="SOCIAL MEDIA TITLE TAG"/>
  <meta property="og:description" content="SOCIAL MEDIA DESCRIPTION TAG TAG"/>
  <meta property="og:url" content="URL OF THE WEBSITE"/>
  <!-- Path to banner image, should be in the path listed below. Optimal dimenssions are 1200X630-->
  <meta property="og:image" content="static/image/your_banner_image.png" />
  <meta property="og:image:width" content="1200"/>
  <meta property="og:image:height" content="630"/>


  <meta name="twitter:title" content="TWITTER BANNER TITLE META TAG">
  <meta name="twitter:description" content="TWITTER BANNER DESCRIPTION META TAG">
  <!-- Path to banner image, should be in the path listed below. Optimal dimenssions are 1200X600-->
  <meta name="twitter:image" content="static/images/your_twitter_banner_image.png">
  <meta name="twitter:card" content="summary_large_image">
  <!-- Keywords for your paper to be indexed by-->
  <meta name="keywords" content="KEYWORDS SHOULD BE PLACED HERE">
  <meta name="viewport" content="width=device-width, initial-scale=1">


  <title>Long-LRM</title>
  <link rel="icon" type="image/x-icon" href="static/images/favicon.ico">
  <link href="https://fonts.googleapis.com/css?family=Google+Sans|Noto+Sans|Castoro"
  rel="stylesheet">

  <link rel="stylesheet" href="static/css/bulma.min.css">
  <link rel="stylesheet" href="static/css/bulma-carousel.min.css">
  <link rel="stylesheet" href="static/css/bulma-slider.min.css">
  <link rel="stylesheet" href="static/css/fontawesome.all.min.css">
  <link rel="stylesheet"
  href="https://cdn.jsdelivr.net/gh/jpswalsh/academicons@1/css/academicons.min.css">
  <link rel="stylesheet" href="static/css/index.css">

  <script src="https://ajax.googleapis.com/ajax/libs/jquery/3.5.1/jquery.min.js"></script>
  <script src="https://documentcloud.adobe.com/view-sdk/main.js"></script>
  <script defer src="static/js/fontawesome.all.min.js"></script>
  <script src="static/js/bulma-carousel.min.js"></script>
  <script src="static/js/bulma-slider.min.js"></script>
  <script src="static/js/index.js"></script>
</head>
<body>


  <section class="hero">
    <div class="hero-body">
      <div class="container is-max-desktop">
        <div class="columns is-centered">
          <div class="column has-text-centered">
            <h1 class="title is-1 publication-title">Long-LRM: Long-sequence Large Reconstruction Model for Wide-coverage Gaussian Splats</h1>
            <div class="is-size-5 publication-authors">
              <!-- Paper authors -->
              <span class="author-block">
                Anonymously Submitted to ICLR 2025
                  </span>
                  </div>

                  <div class="column has-text-centered">
                    <div class="publication-links">
                         <!-- Arxiv PDF link -->
                      <span class="link-block">
                        <a href="https://arxiv.org/pdf/<ARXIV PAPER ID>.pdf" target="_blank"
                        class="external-link button is-normal is-rounded is-dark">
                        <span class="icon">
                          <i class="fas fa-file-pdf"></i>
                        </span>
                        <span>Paper</span>
                      </a>
                    </span>

                    <!-- Supplementary PDF link -->
                    <span class="link-block">
                      <a href="static/pdfs/supplementary_material.pdf" target="_blank"
                      class="external-link button is-normal is-rounded is-dark">
                      <span class="icon">
                        <i class="fas fa-file-pdf"></i>
                      </span>
                      <span>Supplementary</span>
                    </a>
                  </span>

                  <!-- Github link -->
                  <span class="link-block">
                    <a href="https://github.com/YOUR REPO HERE" target="_blank"
                    class="external-link button is-normal is-rounded is-dark">
                    <span class="icon">
                      <i class="fab fa-github"></i>
                    </span>
                    <span>Code</span>
                  </a>
                </span>

                <!-- ArXiv abstract Link -->
                <span class="link-block">
                  <a href="https://arxiv.org/abs/<ARXIV PAPER ID>" target="_blank"
                  class="external-link button is-normal is-rounded is-dark">
                  <span class="icon">
                    <i class="ai ai-arxiv"></i>
                  </span>
                  <span>arXiv</span>
                </a>
              </span>
            </div>
          </div>
        </div>
      </div>
    </div>
  </div>
</section>


<!-- Teaser video-->
<section class="hero teaser">
  <div class="container is-max-desktop">
    <div class="hero-body">
      <img src="static/images/fig2.png" width="960" height="425">
      <video poster="" id="tree" autoplay controls muted loop height="100%">
        <!-- Your video here -->
        <source src="https://huggingface.co/longgggglrm/llrm_stuff/resolve/main/videos/dl3dv_27.mp4"
        type="video/mp4">
      </video>
      <h2 class="subtitle has-text-centered">
        Video rendered from our wide-coverage Gaussians, reconstructed with 32 input images in 1.3 seconds.<br>
        <a
          href="viewer/index.html?url=https://huggingface.co/longgggglrm/llrm_stuff/resolve/main/plys/dl3dv_27.ply&is_object=false&w2c=0.7358684539794922, -0.24194690585136414, 0.6324233412742615, -0.3992058038711548, 0.11553019285202026, 0.9651509523391724, 0.23481148481369019, -0.021701164543628693, -0.6671959757804871, -0.0997263640165329, 0.7381762862205505, 0.5625361800193787,0,0,0,1">Open
          interactive viewer
        </a>
      </h2>
    </div>
  </div>
</section>
<!-- End teaser video -->

<!-- Paper abstract -->
<section class="section hero is-light">
  <div class="container is-max-desktop">
    <div class="columns is-centered has-text-centered">
      <div class="column is-four-fifths">
        <h2 class="title is-3">Abstract</h2>
        <div class="content has-text-justified">
          <p>
            We propose Long-LRM, a generalizable 3D Gaussian reconstruction model that is capable of reconstructing a large scene from 
            a long sequence of input images. Specifically, our model can process 32 source images at 960x540 resolution within 
            only 1.3 seconds on a single A100 80G GPU. Our architecture features a mixture of the recent Mamba2 blocks and the 
            classical transformer blocks which allowed many more tokens to be processed than prior work, enhanced by efficient 
            token merging and Gaussian pruning steps that balance between quality and efficiency. Unlike previous feed-forward 
            models that are limited to processing 1~4 input images and can only reconstruct a small portion of a large scene, 
            Long-LRM reconstructs the entire scene in a single feed-forward step. On large-scale scene datasets such as DL3DV-140 
            and Tanks and Temples, our method achieves performance comparable to optimization-based approaches while being two 
            orders of magnitude more efficient.
          </p>
        </div>
      </div>
    </div>
  </div>
</section>
<!-- End paper abstract -->




<!-- Youtube video -->
<section class="hero is-small is-light">
  <div class="hero-body">
    <div class="container is-centered">
      <!-- Paper video. -->
      <h2 class="title is-3">More reconstruction examples</h2>

      <div style="display:inline-block;margin: 30px;">
        <video controls muted loop width="480" height="270">
          <!-- Your video here -->
          <source src="https://huggingface.co/longgggglrm/llrm_stuff/resolve/main/videos/dl3dv_33.mp4"
          type="video/mp4">
        </video>
        <h2 style="text-align: center;">
          <a
            href="viewer/index.html?url=https://huggingface.co/longgggglrm/llrm_stuff/resolve/main/plys/dl3dv_33.ply&is_object=false&w2c=0.7969034314155579, 0.050342071801424026, -0.6020054817199707, 0.4530174434185028, -0.0345848985016346, 0.9986891746520996, 0.037732649594545364, 0.06133970618247986, 0.6031159162521362, -0.009248979389667511, 0.7975999712944031, 0.38014093041419983,0,0,0,1">Open
            interactive viewer
          </a>
        </h2> 
      </div>
    
      <div style="display:inline-block; margin: 30px;">
        <video controls muted loop width="480" height="270">
          <!-- Your video here -->
          <source src="https://huggingface.co/longgggglrm/llrm_stuff/resolve/main/videos/dl3dv_29.mp4"
          type="video/mp4">
        </video>
        <h2 style="text-align: center;">
          <a
            href="viewer/index.html?url=https://huggingface.co/longgggglrm/llrm_stuff/resolve/main/plys/dl3dv_29.ply&is_object=false&w2c=0.7679237127304077, 0.23454706370830536, -0.5960544347763062, 0.34402740001678467, -0.10916305333375931, 0.9648563265800476, 0.23903071880340576, -0.016566019505262375, 0.6311708092689514, -0.11849024146795273, 0.7665399312973022, 0.5245945453643799,0,0,0,1">Open
            interactive viewer
          </a>
        </h2> 
      </div>

      <div style="display:inline-block;margin: 30px;">
        <video controls muted loop width="480" height="270">
          <!-- Your video here -->
          <source src="https://huggingface.co/longgggglrm/llrm_stuff/resolve/main/videos/dl3dv_48.mp4"
          type="video/mp4">
        </video>
        <h2 style="text-align: center;">
          <a
            href="viewer/index.html?url=https://huggingface.co/longgggglrm/llrm_stuff/resolve/main/plys/dl3dv_48.ply&is_object=false&w2c=0.9130572080612183, -0.1221081092953682, -0.38912227749824524, 0.4850134253501892, 0.16989266872406006, 0.9812782406806946, 0.09071618318557739, 0.1943470984697342, 0.370760053396225, -0.14893808960914612, 0.9167084693908691, 0.3055366277694702,0,0,0,1">Open
            interactive viewer
          </a>
        </h2> 
      </div>
    
      <div style="display:inline-block; margin: 30px;">
        <video controls muted loop width="480" height="270">
          <!-- Your video here -->
          <source src="https://huggingface.co/longgggglrm/llrm_stuff/resolve/main/videos/dl3dv_63.mp4"
          type="video/mp4">
        </video>
        <h2 style="text-align: center;">
          <a
            href="viewer/index.html?url=https://huggingface.co/longgggglrm/llrm_stuff/resolve/main/plys/dl3dv_63.ply&is_object=false&w2c=0.9722356796264648, 0.22987103462219238, -0.043784648180007935, -0.2127688080072403, -0.044535040855407715, 0.36545655131340027, 0.9297624230384827, -0.02301597036421299, 0.2297268509864807, -0.9019982218742371, 0.36554720997810364, 0.679755449295044,0,0,0,1">Open
            interactive viewer
          </a>
        </h2> 
      </div>

      <div style="display:inline-block;margin: 30px;">
        <video controls muted loop width="480" height="270">
          <!-- Your video here -->
          <source src="https://huggingface.co/longgggglrm/llrm_stuff/resolve/main/videos/dl3dv_80.mp4"
          type="video/mp4">
        </video>
        <h2 style="text-align: center;">
          <a
            href="viewer/index.html?url=https://huggingface.co/longgggglrm/llrm_stuff/resolve/main/plys/dl3dv_80.ply&is_object=false&w2c=0.81403648853302, 0.11967639625072479, 0.5683503150939941, -0.5609179139137268, -0.02740095928311348, 0.9853650331497192, -0.1682405173778534, 0.030616004019975662, -0.5801669359207153, 0.12138058990240097, 0.805402398109436, 0.4497006833553314,0,0,0,1">Open
            interactive viewer
          </a>
        </h2> 
      </div>
    
      <div style="display:inline-block; margin: 30px;">
        <video controls muted loop width="480" height="270">
          <!-- Your video here -->
          <source src="https://huggingface.co/longgggglrm/llrm_stuff/resolve/main/videos/dl3dv_101.mp4"
          type="video/mp4">
        </video>
        <h2 style="text-align: center;">
          <a
            href="viewer/index.html?url=https://huggingface.co/longgggglrm/llrm_stuff/resolve/main/plys/dl3dv_101.ply&is_object=false&w2c=0.9682496786117554, -0.0029959226958453655, -0.2499670386314392, 0.5916620492935181, 0.012112544849514961, 0.9993159770965576, 0.03494098410010338, 0.009838481433689594, 0.24969136714935303, -0.036859337240457535, 0.9676236510276794, 0.2287878692150116,0,0,0,1">Open
            interactive viewer
          </a>
        </h2> 
      </div>

      <div style="display:inline-block;margin: 30px;">
        <video controls muted loop width="480" height="270">
          <!-- Your video here -->
          <source src="https://huggingface.co/longgggglrm/llrm_stuff/resolve/main/videos/dl3dv_105.mp4"
          type="video/mp4">
        </video>
        <h2 style="text-align: center;">
          <a
            href="viewer/index.html?url=https://huggingface.co/longgggglrm/llrm_stuff/resolve/main/plys/dl3dv_105.ply&is_object=false&w2c=0.16741560399532318, 0.27759435772895813, -0.9459986090660095, 0.45142126083374023, -0.14618045091629028, 0.9559242725372314, 0.25463709235191345, -0.04544597119092941, 0.9749888777732849, 0.09565627574920654, 0.2006155103445053, 0.6670311093330383,0,0,0,1">Open
            interactive viewer
          </a>
        </h2> 
      </div>
    
      <div style="display:inline-block; margin: 30px;">
        <video controls muted loop width="480" height="270">
          <!-- Your video here -->
          <source src="https://huggingface.co/longgggglrm/llrm_stuff/resolve/main/videos/dl3dv_106.mp4"
          type="video/mp4">
        </video>
        <h2 style="text-align: center;">
          <a
            href="viewer/index.html?url=https://huggingface.co/longgggglrm/llrm_stuff/resolve/main/plys/dl3dv_106.ply&is_object=false&w2c=0.997383177280426, 0.016486575827002525, 0.07039190083742142, 0.6375018358230591, -0.016034986823797226, 0.9998470544815063, -0.006975643336772919, 0.014523642137646675, -0.07049614191055298, 0.005828655790537596, 0.9974950551986694, 0.173281729221344,0,0,0,1">Open
            interactive viewer
          </a>
        </h2> 
      </div>

    </div>
  </div>
</section>
<!-- End youtube video -->


<!--BibTex citation -->
  <section class="section" id="BibTeX">
    <div class="container is-max-desktop content">
      <h2 class="title">BibTeX</h2>
      <pre><code>BibTex Code Here</code></pre>
    </div>
</section>
<!--End BibTex citation -->


  <footer class="footer">
  <div class="container">
    <div class="columns is-centered">
      <div class="column is-8">
        <div class="content">

          <p>
            This page was built using the <a href="https://github.com/eliahuhorwitz/Academic-project-page-template" target="_blank">Academic Project Page Template</a> which was adopted from the <a href="https://nerfies.github.io" target="_blank">Nerfies</a> project page.
            You are free to borrow the source code of this website, we just ask that you link back to this page in the footer. <br> This website is licensed under a <a rel="license"  href="http://creativecommons.org/licenses/by-sa/4.0/" target="_blank">Creative
            Commons Attribution-ShareAlike 4.0 International License</a>.
          </p>

        </div>
      </div>
    </div>
  </div>
</footer>

<!-- Statcounter tracking code -->
  
<!-- You can add a tracker to track page visits by creating an account at statcounter.com -->

    <!-- End of Statcounter Code -->

  </body>
  </html>
